a = [75,65,100,80,90,55,95,30,20,50]

**SelectionSort**
1회
75>65 위치 바꿈 [65,75,100,80,90,55,95,30,20,50]
65<100 안바꿈  [65,75,100,80,90,55,95,30,20,50]
65<80 안바꿈 [65,75,100,80,90,55,95,30,20,50]
65<90 안바꿈 [65,75,100,80,90,55,95,30,20,50]
65>55 바꿈. [55,75,100,80,90,65,95,30,20,50]
55<95 안바꿈. [55,75,100,80,90,65,95,30,20,50]
55>30 바꿈. [30,75,100,80,90,65,95,55,20,50]
30>20 바꿈. [20,75,100,80,90,65,95,55,30,50]
20<50 안바꿈. [20,75,100,80,90,65,95,55,30,50]

2회
75<100 안바꿈 [20,75,100,80,90,65,95,55,30,50]
75<80 안바꿈 [20,75,100,80,90,65,95,55,30,50]
75<90 안바꿈 [20,75,100,80,90,65,95,55,30,50]
75>65 바꿈 [20,65,100,80,90,75,95,55,30,50]
65<95 안바꿈 [20,65,100,80,90,75,95,55,30,50]
65>55 바꿈 [20,55,100,80,90,75,95,65,30,50]
55>30 바꿈 [20,30,100,80,90,75,95,65,55,50]
30<50 안바꿈 [20,30,100,80,90,75,95,65,55,50]

3회
100>80 바꿈 [20,30,80,100,90,75,95,65,55,50]
80<90안바꿈 [20,30,80,100,90,75,95,65,55,50]
80>75바꿈 [20,30,75,100,90,80,95,65,55,50]
75<95안바꿈 [20,30,75,100,90,80,95,65,55,50]
75>65 바꿈[20,30,65,100,90,80,95,75,55,50]
65>55 바꿈[20,30,55,100,90,80,95,75,65,50]
55>50 바꿈[20,30,50,100,90,80,95,75,65,55]

4회
100>90바꿈[20,30,50,90,100,80,95,75,65,55]
90>80바꿈 [20,30,50,80,100,90,95,75,65,55]
80<95 안바꿈 [20,30,50,80,100,90,95,75,65,55]
80>75 바꿈 [20,30,50,75,100,90,95,80,65,55]
75>65 바꿈 [20,30,50,65,100,90,95,80,75,55]
65>55 바꿈 [20,30,50,55,100,90,95,80,75,65]

5회
100>90 바꿈 [20,30,50,55,90,100,95,80,75,65]
90<95 안바꿈 [20,30,50,55,90,100,95,80,75,65]
90>80 바꿈 [20,30,50,55,80,100,95,90,75,65]
80>75 바꿈 [20,30,50,55,75,100,95,90,80,65]
75>65 바꿈 [20,30,50,55,65,100,95,90,80,75]

6회
100>95 바꿈 [20,30,50,55,65,95,100,90,80,75]
95>90 바꿈 [20,30,50,55,65,90,100,95,80,75]
90>80 바꿈 [20,30,50,55,65,80,100,95,90,75]
80>75 바꿈 [20,30,50,55,65,75,100,95,90,80]

7회
100>95 바꿈 [20,30,50,55,65,75,95,100,90,80]
95>90바꿈 [20,30,50,55,65,75,90,100,95,80]
90>80 바꿈 [20,30,50,55,65,75,80,100,95,90]

8회 
100>95 바꿈 [20,30,50,55,65,75,80,95,100,90]
95>90 바꿈 [20,30,50,55,65,75,80,90,100,95]

9회
100>95 바꿈 [20,30,50,55,65,75,80,90,95,100]